Pd_FCC_lattice_constant: 0.007899999999999999%
Pd_BCC_lattice_constant: 0.1943%
Pd_BCC_phonon_frequency: 0.674 THz
Sn_FCC_lattice_constant: 0.0024000000000000002%
Sn_BCC_lattice_constant: 0.0056%
O_FCC_lattice_constant: 0.052700000000000004%
O_BCC_lattice_constant: 0.7169%
Ti_FCC_lattice_constant: 0.0357%
Ti_BCC_lattice_constant: 0.15510000000000002%
S_FCC_lattice_constant: 0.0419%
S_BCC_lattice_constant: 0.8961%
PdO_RS_lattice_constant: 0.0593%
PdS_ZB_delta_factor: 0.030316 meV/atom
TiSnPd_HH_lattice_constant: 3.0557%
