P_elemental_log: 0.002291
P_ortho_lattice_constant: 267.30170000000004%
