P_ortho_lattice_constant: 0.5716%
N_SC_atomic_positions: 0.019048 angstroms
Al_FCC_lattice_constant: 0.0059%
Al_BCC_lattice_constant: 0.11919999999999999%
Al_BCC_phonon_frequency: 0.14995 THz
Bi_FCC_lattice_constant: 0.48849999999999993%
Bi_BCC_lattice_constant: 0.6158%
O_FCC_lattice_constant: 0.052700000000000004%
O_BCC_lattice_constant: 0.7169%
AlN_RS_lattice_constant: 0.0678%
AlN_RS_band_gap: 0.0698 eV
AlP_ZB_delta_factor: 0.338201 meV/atom
BiAlO3_per_lattice_constant: 0.052700000000000004%
