Sr_FCC_lattice_constant: 0.0904%
Sr_BCC_lattice_constant: 0.0044%
O_FCC_lattice_constant: 0.052700000000000004%
O_BCC_lattice_constant: 0.7169%
S_FCC_lattice_constant: 0.0419%
S_BCC_lattice_constant: 0.8961%
Os_FCC_lattice_constant: 0.074%
Os_BCC_lattice_constant: 0.19449999999999998%
Os_BCC_phonon_frequency: 0.2235 THz
OsO_RS_lattice_constant: 0.056400000000000006%
OsO_RS_magnetization: 0.0 bohr mag
OsS_ZB_delta_factor: 1.442272 meV/atom
OsO2_FCC_lattice_constant: 0.22260000000000002%
OsO2_FCC_band_gap: 0.2855 eV
SrOsO3_per_lattice_constant: 0.050199999999999995%
