Cl_FCC_lattice_constant: 0.3411%
Cl_BCC_lattice_constant: 0.034499999999999996%
Na_FCC_lattice_constant: 0.0113%
Na_BCC_lattice_constant: 0.0121%
Na_BCC_phonon_frequency: 1.28195 THz
Br_FCC_lattice_constant: 0.1204%
Br_BCC_lattice_constant: 0.19669999999999999%
Ge_FCC_lattice_constant: 0.015200000000000002%
Ge_BCC_lattice_constant: 0.43810000000000004%
Al_FCC_lattice_constant: 0.0059%
Al_BCC_lattice_constant: 0.11919999999999999%
NaCl_RS_lattice_constant: 0.1091%
NaCl_RS_band_gap: 0.0292 eV
NaBr_ZB_delta_factor: 0.099015 meV/atom
NaAlGe_HH_lattice_constant: 2.5178%
